1297 1334 0 0
396 1269 0 0
200 571 0 0
66 779 0 0
360 550 0 0
967 541 0 0
1183 1177 0 0
901 864 0 0
502 172 0 0
182 1157 0 0
465 1431 0 0
167 242 0 0
902 993 0 0
378 450 0 0
451 820 0 0
775 1455 0 0
1071 1335 0 0
1393 934 0 0
156 125 0 0
1058 1246 0 0
1474 298 0 0
838 581 0 0
887 1135 0 0
1110 879 0 0
1229 568 0 0
191 700 0 0
1358 37 0 0
859 81 0 0
1094 445 0 0
453 870 0 0
103 1286 0 0
247 117 0 0
203 498 0 0
982 780 0 0
635 25 0 0
1473 219 0 0
606 252 0 0
384 1076 0 0
326 1214 0 0
1263 1402 0 0
1034 963 0 0
306 1388 0 0
1059 688 0 0
1254 36 0 0
1116 327 0 0
1122 25 0 0
339 1057 0 0
364 1388 0 0
1313 1200 0 0
1302 55 0 0
915 1390 0 0
311 1009 0 0
314 1072 0 0
654 1486 0 0
851 1274 0 0
1130 410 0 0
776 359 0 0
1028 1056 0 0
384 999 0 0
1396 675 0 0
1229 228 0 0
304 911 0 0
263 72 0 0
1383 228 0 0
1175 1226 0 0
798 174 0 0
108 1023 0 0
949 270 0 0
285 180 0 0
675 627 0 0
1220 268 0 0
272 1168 0 0
1316 1204 0 0
1078 729 0 0
1326 1222 0 0
797 1250 0 0
1135 1091 0 0
1152 213 0 0
762 394 0 0
793 1131 0 0
919 619 0 0
460 1065 0 0
843 488 0 0
749 745 0 0
973 1467 0 0
114 679 0 0
207 704 0 0
247 167 0 0
297 1409 0 0
629 1046 0 0
1485 19 0 0
484 1318 0 0
288 589 0 0
1326 428 0 0
740 1389 0 0
1275 29 0 0
1468 556 0 0
1290 1068 0 0
1302 1313 0 0
901 717 0 0
428 1249 0 0
1130 1345 0 0
1203 877 0 0
358 1242 0 0
287 1478 0 0
1475 223 0 0
559 1455 0 0
628 459 0 0
1376 1216 0 0
1219 579 0 0
1256 438 0 0
58 232 0 0
1373 320 0 0
102 1368 0 0
945 1114 0 0
564 1375 0 0
545 573 0 0
66 988 0 0
919 817 0 0
517 748 0 0
1492 793 0 0
962 259 0 0
653 77 0 0
842 944 0 0
427 1471 0 0
1010 445 0 0
1198 1069 0 0
1276 708 0 0
1435 996 0 0
1192 50 0 0
267 1190 0 0
975 752 0 0
978 1034 0 0
953 1023 0 0
233 445 0 0
508 1332 0 0
1247 63 0 0
1015 194 0 0
1403 108 0 0
75 964 0 0
196 1141 0 0
555 927 0 0
1437 847 0 0
520 358 0 0
1479 341 0 0
1021 1076 0 0
19 931 0 0
856 1194 0 0
178 928 0 0
1010 188 0 0
699 893 0 0
1369 1221 0 0
927 766 0 0
861 93 0 0
583 1174 0 0
480 623 0 0
1411 995 0 0
708 107 0 0
590 524 0 0
264 998 0 0
631 692 0 0
1153 664 0 0
842 157 0 0
132 282 0 0
880 1000 0 0
1419 780 0 0
343 1037 0 0
1230 235 0 0
1035 1263 0 0
1246 356 0 0
1404 141 0 0
481 55 0 0
409 1147 0 0
1274 950 0 0
1278 650 0 0
601 756 0 0
462 1301 0 0
726 578 0 0
1403 626 0 0
403 534 0 0
967 867 0 0
689 1003 0 0
1092 1229 0 0
984 527 0 0
1287 636 0 0
568 61 0 0
1372 219 0 0
1288 246 0 0
1401 984 0 0
788 9 0 0
939 1090 0 0
498 74 0 0
78 393 0 0
1071 325 0 0
298 763 0 0
408 317 0 0
1348 1422 0 0
1094 827 0 0
886 1425 0 0
10 850 0 0
